,Unnamed: 0,userId,movieId,maxAt5,maxAt10,maxAt15,WhiteBoxPred,BlackBoxPred,MAE
0,0,13,54272,1.4035388159671007,1.4035388159671007,1.4035388159671007,3.947,4.908,0.9610000000000003
1,1,13,1597,1.3757619552790885,1.3757619552790885,1.3757619552790885,4.249,4.473,0.2240000000000002
2,2,13,4878,1.3995438063620826,1.3995438063620826,1.3995438063620826,4.266,4.417,0.1509999999999998
3,3,13,1225,1.3645031728397352,1.3645031728397352,1.3645031728397352,4.289,4.169,0.1200000000000001
4,4,602,54272,2.5560301744509,2.5560301744509,2.5560301744509,4.3,3.948,0.35199999999999987
5,5,602,1597,2.5753103805675743,2.5753103805675743,2.5753103805675743,4.289,4.473,0.18400000000000016
6,6,602,4878,2.5522067747530808,2.5522067747530808,2.5522067747530808,4.288,4.184,0.10400000000000009
7,7,602,1225,2.646310014070271,2.646310014070271,2.646310014070271,4.376,4.055,0.3210000000000006
8,8,90,54272,1.5243902070908582,1.5243902070908582,1.5243902070908582,3.983,4.243,0.26000000000000023
9,9,90,1597,1.5814921552985852,1.5814921552985852,1.5814921552985852,4.103,4.22,0.11699999999999999
10,10,90,4878,1.564304388514716,1.564304388514716,1.564304388514716,4.238,4.414,0.17599999999999927
11,11,90,1225,1.5097071076121242,1.5097071076121242,1.5097071076121242,4.433,4.362,0.07099999999999973
12,12,155,54272,1.2808021329624288,1.2808021329624288,1.2808021329624288,4.331,4.518,0.1869999999999994
13,13,155,1597,1.241497011051336,1.241497011051336,1.241497011051336,4.294,4.353,0.05900000000000016
14,14,155,4878,1.2463417645054966,1.2463417645054966,1.2463417645054966,4.238,4.054,0.18400000000000016
15,15,155,1225,1.2867704225251049,1.2867704225251049,1.2867704225251049,4.044,4.504,0.45999999999999996
16,16,549,54272,1.7741823728826496,1.7741823728826496,1.7741823728826496,4.343,4.908,0.5650000000000004
17,17,549,1597,1.7382307164481805,1.7382307164481805,1.7382307164481805,4.168,4.473,0.3049999999999997
18,18,549,4878,1.7896955203976923,1.7896955203976923,1.7896955203976923,3.8339999999999996,4.417,0.5830000000000002
19,19,549,1225,1.7560676927147256,1.7560676927147256,1.7560676927147256,4.2780000000000005,4.055,0.22300000000000075
20,20,326,54272,1.4505050175945884,1.4505050175945884,1.4505050175945884,4.325,4.243,0.08199999999999985
21,21,326,1597,1.483518402163876,1.483518402163876,1.483518402163876,4.1080000000000005,4.353,0.24499999999999922
22,22,326,4878,1.44630384138434,1.44630384138434,1.44630384138434,4.1819999999999995,4.414,0.2320000000000002
23,23,326,1225,1.5287968590076284,1.5287968590076284,1.5287968590076284,4.319,4.362,0.04300000000000015
24,24,246,54272,1.3745497114062564,1.3745497114062564,1.3745497114062564,4.455,3.834,0.621
25,25,246,1597,1.4003516940234817,1.4003516940234817,1.4003516940234817,4.152,4.473,0.32099999999999973
26,26,246,4878,1.3764798506652325,1.3764798506652325,1.3764798506652325,4.428,4.219,0.20899999999999963
27,27,246,1225,1.4007659973856912,1.4007659973856912,1.4007659973856912,4.122,4.534,0.4119999999999999
28,28,46,54272,3.117532910043193,3.117532910043193,3.117532910043193,4.43,4.908,0.47800000000000065
29,29,46,1597,3.0841757219152823,3.0841757219152823,3.0841757219152823,4.478,4.353,0.125
30,30,46,4878,3.0740350882542486,3.0740350882542486,3.0740350882542486,4.378,4.417,0.0389999999999997
31,31,46,1225,3.0681086146130534,3.0681086146130534,3.0681086146130534,4.2780000000000005,4.534,0.25599999999999934
32,32,490,54272,1.350910373433837,1.350910373433837,1.350910373433837,4.43,4.518,0.08800000000000008
33,33,490,1597,1.3896238883186427,1.3896238883186427,1.3896238883186427,4.263999999999999,4.353,0.08900000000000041
34,34,490,4878,1.3857058731914107,1.3857058731914107,1.3857058731914107,4.145,4.414,0.26900000000000013
35,35,490,1225,1.3675239635680485,1.3675239635680485,1.3675239635680485,4.266,4.504,0.23799999999999955
36,36,43,54272,2.2032981843571697,2.2032981843571697,2.2032981843571697,4.566,4.233,0.3330000000000002
37,37,43,1597,2.186328083897416,2.186328083897416,2.186328083897416,4.103,4.353,0.25
38,38,43,4878,2.092961146239263,2.092961146239263,2.092961146239263,3.8339999999999996,4.054,0.22000000000000064
39,39,43,1225,2.134258973293536,2.134258973293536,2.134258973293536,4.428999999999999,4.055,0.37399999999999967
